# round T HPWL_eq HPWL_w WNS TNS maxL viol_cnt picked w_mean w_std w_cv w_median w_min w_max w_gini w_top10 jump_man jump_euc orient_flip maxEdge_type maxEdge_i maxEdge_j solve_ms feasible avg_jump
1 12 472 472000 -8 52 20 10 1 1000.000000 0.000000 0.000000 1000.000000 1000 1000 0.000000 0.107143 0.000000 0.000000 0 H 0 2 31.100263 0 0.000000
2 12 472 473242 -8 56 20 10 1 1003.696429 38.944292 0.038801 1000.000000 1000 1414 0.003650 0.110431 5.000000 3.535534 1 V 2 0 17.391766 0 5.000000
3 12 474 478676 -8 34 20 8 1 1009.785714 74.749275 0.074025 1000.000000 1000 1682 0.009539 0.115795 8.000000 6.324555 0 V 4 6 16.636613 0 6.500000
4 12 474 483278 -8 33 20 8 1 1017.232143 107.687460 0.105863 1000.000000 1000 1834 0.016552 0.122268 3.000000 2.121320 1 H 6 4 17.470556 0 5.333333
5 12 476 489664 -2 10 14 6 1 1025.401786 136.833871 0.133444 1000.000000 1000 1915 0.024016 0.129261 9.000000 6.708204 0 H 0 1 16.648476 0 6.250000
6 12 476 494098 -3 12 15 6 1 1033.946429 162.461140 0.157127 1000.000000 1000 1957 0.031570 0.136457 3.000000 2.121320 1 V 1 0 16.495779 0 5.600000
7 12 484 501038 -14 57 26 8 1 1042.678571 185.106881 0.177530 1000.000000 1000 1978 0.039024 0.143689 5.000000 3.807887 1 H 0 3 16.833865 0 5.500000
8 12 484 505906 -14 54 26 8 1 1051.508929 205.343788 0.195285 1000.000000 1000 1989 0.046294 0.150880 7.000000 4.949747 1 V 3 0 16.912033 0 5.714286
9 12 485 511980 -10 20 22 6 1 1060.392857 223.632406 0.210896 1000.000000 1000 1995 0.053342 0.157994 1.000000 1.000000 0 V 2 0 16.588232 0 5.125000
10 12 477 519402 -3 10 15 6 1 1069.294643 240.275015 0.224704 1000.000000 1000 1997 0.060140 0.165004 4.000000 2.915476 1 H 0 1 16.333823 0 5.000000
11 12 475 524004 -10 35 22 8 1 1078.214286 255.591626 0.237051 1000.000000 1000 1999 0.066694 0.171911 1.000000 1.000000 0 H 0 2 16.727305 0 4.600000
12 12 479 527684 -3 6 15 3 1 1087.133929 269.746094 0.248126 1000.000000 1000 1999 0.072993 0.178705 10.000000 7.106335 1 V 5 7 16.469799 0 5.090909
13 12 486 533117 -14 52 26 5 1 1096.062500 282.941415 0.258144 1000.000000 1000 2000 0.079052 0.185396 3.000000 2.236068 0 V 3 6 16.831010 0 4.916667
14 12 506 541616 -20 77 32 9 1 1104.991071 295.278334 0.267222 1000.000000 1000 2000 0.084869 0.188633 5.000000 3.807887 1 H 0 4 18.357696 0 4.923077
15 12 482 547096 -3 6 15 3 1 1113.919643 306.860402 0.275478 1000.000000 1000 2000 0.090450 0.189670 8.000000 7.071068 0 H 7 5 16.463839 0 5.142857
16 12 481 551898 -4 18 16 5 1 1122.848214 317.770167 0.283004 1000.000000 1000 2000 0.095799 0.189481 4.000000 2.915476 1 V 4 4 16.649778 0 5.066667
17 12 482 557355 0 0 12 0 0 1131.776786 328.074706 0.289876 1000.000000 1000 2000 0.100924 0.188657 7.000000 5.000000 0 V 1 0 16.267799 1 5.187500
18 12 482 560462 0 0 12 0 0 1137.008929 337.082983 0.296465 1000.000000 1000 2000 0.103879 0.188127 0.000000 0.000000 0 V 1 0 16.277667 1 4.882353
19 12 494 561369 -17 52 29 5 1 1139.848214 342.949762 0.300873 1000.000000 1000 2000 0.105469 0.187830 9.000000 6.519202 1 H 7 3 16.738586 0 5.111111
20 12 482 565143 0 0 12 0 0 1145.026786 346.969545 0.303023 1000.000000 1000 2000 0.108229 0.187067 9.000000 6.519202 1 V 1 0 16.188019 1 5.315789
21 12 485 566219 0 0 12 0 0 1148.178571 351.482097 0.306121 1000.000000 1000 2000 0.109892 0.186592 0.000000 0.000000 0 V 1 0 16.303125 1 5.050000
22 12 485 566601 0 0 12 0 0 1149.919643 354.724444 0.308478 1000.000000 1000 2000 0.110806 0.186333 0.000000 0.000000 0 V 1 0 16.431757 1 4.809524
23 12 485 566797 0 0 12 0 0 1150.839286 356.659891 0.309913 1000.000000 1000 2000 0.111287 0.186192 0.000000 0.000000 0 V 1 0 16.550261 1 4.590909
24 12 485 566904 0 0 12 0 0 1151.312500 357.715870 0.310703 1000.000000 1000 2000 0.111534 0.186123 0.000000 0.000000 0 V 1 0 16.257229 1 4.391304
25 12 495 566951 -2 5 14 3 1 1151.544643 358.248813 0.311103 1000.000000 1000 2000 0.111655 0.186085 3.000000 3.000000 0 V 4 0 17.267723 0 4.333333
26 12 485 570292 0 0 12 0 0 1155.366071 359.091040 0.310803 1000.000000 1000 2000 0.113562 0.185470 3.000000 3.000000 0 V 1 0 16.107095 1 4.280000
27 12 512 572020 -24 81 36 6 1 1157.821429 361.834345 0.312513 1000.000000 1000 2000 0.114780 0.185077 8.000000 7.071068 0 V 2 7 18.051951 0 4.423077
28 12 494 576479 -2 11 14 7 1 1162.901786 364.603722 0.313529 1000.000000 1000 2000 0.117226 0.184268 2.000000 1.414214 0 V 3 6 16.452226 0 4.333333
29 12 488 582929 -17 50 29 8 1 1169.732143 368.940786 0.315406 1000.000000 1000 2000 0.120407 0.183192 6.000000 4.301163 1 H 0 3 16.856008 0 4.392857
30 12 487 587293 -1 3 13 3 1 1177.553571 374.584242 0.318104 1000.000000 1000 2000 0.123912 0.181975 7.000000 5.385165 0 H 5 5 16.078412 0 4.482759
31 12 488 590912 1 0 11 0 0 1185.919643 380.957209 0.321234 1000.000000 1000 2000 0.127506 0.180692 9.000000 6.519202 1 V 1 0 16.200041 1 4.633333
32 12 488 592404 1 0 11 0 0 1190.866071 387.433531 0.325338 1000.000000 1000 2000 0.129600 0.179941 0.000000 0.000000 0 V 1 0 92.370717 1 4.483871
33 12 488 593189 1 0 11 0 0 1193.562500 391.869347 0.328319 1000.000000 1000 2000 0.130733 0.179535 0.000000 0.000000 0 V 1 0 17.862023 1 4.343750
34 12 488 593584 1 0 11 0 0 1194.964286 394.430510 0.330077 1000.000000 1000 2000 0.131319 0.179324 0.000000 0.000000 0 V 1 0 16.854403 1 4.212121
35 12 488 593799 1 0 11 0 0 1195.696429 395.840039 0.331054 1000.000000 1000 2000 0.131625 0.179214 0.000000 0.000000 0 V 1 0 17.131757 1 4.088235
36 12 488 593895 1 0 11 0 0 1196.053571 396.544175 0.331544 1000.000000 1000 2000 0.131773 0.179161 0.000000 0.000000 0 V 1 0 16.912934 1 3.971429
37 12 488 593952 1 0 11 0 0 1196.250000 396.936719 0.331818 1000.000000 1000 2000 0.131856 0.179131 0.000000 0.000000 0 V 1 0 17.074659 1 3.861111
38 12 488 593976 1 0 11 0 0 1196.339286 397.116112 0.331943 1000.000000 1000 2000 0.131892 0.179118 0.000000 0.000000 0 V 1 0 17.125224 1 3.756757
39 12 488 593988 1 0 11 0 0 1196.383929 397.206164 0.332006 1000.000000 1000 2000 0.131911 0.179111 0.000000 0.000000 0 V 1 0 16.843264 1 3.657895
40 12 488 593998 1 0 11 0 0 1196.410714 397.260250 0.332043 1000.000000 1000 2000 0.131922 0.179107 0.000000 0.000000 0 V 1 0 16.948922 1 3.564103
41 12 488 593999 1 0 11 0 0 1196.419643 397.278299 0.332056 1000.000000 1000 2000 0.131926 0.179106 0.000000 0.000000 0 V 1 0 17.055322 1 3.475000
42 12 488 594000 1 0 11 0 0 1196.428571 397.296348 0.332069 1000.000000 1000 2000 0.131930 0.179104 0.000000 0.000000 0 V 1 0 16.842432 1 3.390244
43 12 488 594000 1 0 11 0 0 1196.428571 397.296348 0.332069 1000.000000 1000 2000 0.131930 0.179104 0.000000 0.000000 0 V 1 0 16.903887 1 3.309524
44 12 488 594000 1 0 11 0 0 1196.428571 397.296348 0.332069 1000.000000 1000 2000 0.131930 0.179104 0.000000 0.000000 0 V 1 0 16.779714 1 3.232558
45 12 488 594000 1 0 11 0 0 1196.428571 397.296348 0.332069 1000.000000 1000 2000 0.131930 0.179104 0.000000 0.000000 0 V 1 0 16.762942 1 3.159091
46 12 488 594000 1 0 11 0 0 1196.428571 397.296348 0.332069 1000.000000 1000 2000 0.131930 0.179104 0.000000 0.000000 0 V 1 0 16.897155 1 3.088889
47 12 488 594000 1 0 11 0 0 1196.428571 397.296348 0.332069 1000.000000 1000 2000 0.131930 0.179104 0.000000 0.000000 0 V 1 0 16.798137 1 3.021739
48 12 488 594000 1 0 11 0 0 1196.428571 397.296348 0.332069 1000.000000 1000 2000 0.131930 0.179104 0.000000 0.000000 0 V 1 0 16.934716 1 2.957447
49 12 488 594000 1 0 11 0 0 1196.428571 397.296348 0.332069 1000.000000 1000 2000 0.131930 0.179104 0.000000 0.000000 0 V 1 0 16.850256 1 2.895833
50 12 488 594000 1 0 11 0 0 1196.428571 397.296348 0.332069 1000.000000 1000 2000 0.131930 0.179104 0.000000 0.000000 0 V 1 0 16.949043 1 2.836735
51 12 488 594000 1 0 11 0 0 1196.428571 397.296348 0.332069 1000.000000 1000 2000 0.131930 0.179104 0.000000 0.000000 0 V 1 0 16.760186 1 2.780000
52 12 488 594000 1 0 11 0 0 1196.428571 397.296348 0.332069 1000.000000 1000 2000 0.131930 0.179104 0.000000 0.000000 0 V 1 0 16.861376 1 2.725490
53 12 488 594000 1 0 11 0 0 1196.428571 397.296348 0.332069 1000.000000 1000 2000 0.131930 0.179104 0.000000 0.000000 0 V 1 0 16.960244 1 2.673077
54 12 488 594000 1 0 11 0 0 1196.428571 397.296348 0.332069 1000.000000 1000 2000 0.131930 0.179104 0.000000 0.000000 0 V 1 0 16.790323 1 2.622642
55 12 488 594000 1 0 11 0 0 1196.428571 397.296348 0.332069 1000.000000 1000 2000 0.131930 0.179104 0.000000 0.000000 0 V 1 0 16.942661 1 2.574074
56 12 488 594000 1 0 11 0 0 1196.428571 397.296348 0.332069 1000.000000 1000 2000 0.131930 0.179104 0.000000 0.000000 0 V 1 0 17.504197 1 2.527273
57 12 488 594000 1 0 11 0 0 1196.428571 397.296348 0.332069 1000.000000 1000 2000 0.131930 0.179104 0.000000 0.000000 0 V 1 0 17.104595 1 2.482143
58 12 488 594000 1 0 11 0 0 1196.428571 397.296348 0.332069 1000.000000 1000 2000 0.131930 0.179104 0.000000 0.000000 0 V 1 0 17.214442 1 2.438596
59 12 488 594000 1 0 11 0 0 1196.428571 397.296348 0.332069 1000.000000 1000 2000 0.131930 0.179104 0.000000 0.000000 0 V 1 0 17.221897 1 2.396552
60 12 488 594000 1 0 11 0 0 1196.428571 397.296348 0.332069 1000.000000 1000 2000 0.131930 0.179104 0.000000 0.000000 0 V 1 0 16.924355 1 2.355932
61 12 488 594000 1 0 11 0 0 1196.428571 397.296348 0.332069 1000.000000 1000 2000 0.131930 0.179104 0.000000 0.000000 0 V 1 0 16.806894 1 2.316667
62 12 488 594000 1 0 11 0 0 1196.428571 397.296348 0.332069 1000.000000 1000 2000 0.131930 0.179104 0.000000 0.000000 0 V 1 0 16.898988 1 2.278689
63 12 488 594000 1 0 11 0 0 1196.428571 397.296348 0.332069 1000.000000 1000 2000 0.131930 0.179104 0.000000 0.000000 0 V 1 0 16.784773 1 2.241935
64 12 488 594000 1 0 11 0 0 1196.428571 397.296348 0.332069 1000.000000 1000 2000 0.131930 0.179104 0.000000 0.000000 0 V 1 0 16.889069 1 2.206349
65 12 488 594000 1 0 11 0 0 1196.428571 397.296348 0.332069 1000.000000 1000 2000 0.131930 0.179104 0.000000 0.000000 0 V 1 0 16.890803 1 2.171875
66 12 488 594000 1 0 11 0 0 1196.428571 397.296348 0.332069 1000.000000 1000 2000 0.131930 0.179104 0.000000 0.000000 0 V 1 0 16.885503 1 2.138462
67 12 488 594000 1 0 11 0 0 1196.428571 397.296348 0.332069 1000.000000 1000 2000 0.131930 0.179104 0.000000 0.000000 0 V 1 0 16.951126 1 2.106061
68 12 488 594000 1 0 11 0 0 1196.428571 397.296348 0.332069 1000.000000 1000 2000 0.131930 0.179104 0.000000 0.000000 0 V 1 0 16.797698 1 2.074627
69 12 488 594000 1 0 11 0 0 1196.428571 397.296348 0.332069 1000.000000 1000 2000 0.131930 0.179104 0.000000 0.000000 0 V 1 0 16.831630 1 2.044118
70 12 488 594000 1 0 11 0 0 1196.428571 397.296348 0.332069 1000.000000 1000 2000 0.131930 0.179104 0.000000 0.000000 0 V 1 0 16.970443 1 2.014493
71 12 488 594000 1 0 11 0 0 1196.428571 397.296348 0.332069 1000.000000 1000 2000 0.131930 0.179104 0.000000 0.000000 0 V 1 0 16.847701 1 1.985714
72 12 488 594000 1 0 11 0 0 1196.428571 397.296348 0.332069 1000.000000 1000 2000 0.131930 0.179104 0.000000 0.000000 0 V 1 0 16.850206 1 1.957746
73 12 488 594000 1 0 11 0 0 1196.428571 397.296348 0.332069 1000.000000 1000 2000 0.131930 0.179104 0.000000 0.000000 0 V 1 0 17.086380 1 1.930556
74 12 488 594000 1 0 11 0 0 1196.428571 397.296348 0.332069 1000.000000 1000 2000 0.131930 0.179104 0.000000 0.000000 0 V 1 0 17.153427 1 1.904110
75 12 488 594000 1 0 11 0 0 1196.428571 397.296348 0.332069 1000.000000 1000 2000 0.131930 0.179104 0.000000 0.000000 0 V 1 0 17.086180 1 1.878378
76 12 488 594000 1 0 11 0 0 1196.428571 397.296348 0.332069 1000.000000 1000 2000 0.131930 0.179104 0.000000 0.000000 0 V 1 0 21.316461 1 1.853333
77 12 488 594000 1 0 11 0 0 1196.428571 397.296348 0.332069 1000.000000 1000 2000 0.131930 0.179104 0.000000 0.000000 0 V 1 0 16.604423 1 1.828947
78 12 488 594000 1 0 11 0 0 1196.428571 397.296348 0.332069 1000.000000 1000 2000 0.131930 0.179104 0.000000 0.000000 0 V 1 0 16.936899 1 1.805195
79 12 488 594000 1 0 11 0 0 1196.428571 397.296348 0.332069 1000.000000 1000 2000 0.131930 0.179104 0.000000 0.000000 0 V 1 0 16.730741 1 1.782051
80 12 488 594000 1 0 11 0 0 1196.428571 397.296348 0.332069 1000.000000 1000 2000 0.131930 0.179104 0.000000 0.000000 0 V 1 0 16.726463 1 1.759494
81 12 488 594000 1 0 11 0 0 1196.428571 397.296348 0.332069 1000.000000 1000 2000 0.131930 0.179104 0.000000 0.000000 0 V 1 0 16.876065 1 1.737500
82 12 488 594000 1 0 11 0 0 1196.428571 397.296348 0.332069 1000.000000 1000 2000 0.131930 0.179104 0.000000 0.000000 0 V 1 0 16.864513 1 1.716049
83 12 488 594000 1 0 11 0 0 1196.428571 397.296348 0.332069 1000.000000 1000 2000 0.131930 0.179104 0.000000 0.000000 0 V 1 0 16.850306 1 1.695122
84 12 488 594000 1 0 11 0 0 1196.428571 397.296348 0.332069 1000.000000 1000 2000 0.131930 0.179104 0.000000 0.000000 0 V 1 0 16.791775 1 1.674699
85 12 488 594000 1 0 11 0 0 1196.428571 397.296348 0.332069 1000.000000 1000 2000 0.131930 0.179104 0.000000 0.000000 0 V 1 0 16.917072 1 1.654762
86 12 488 594000 1 0 11 0 0 1196.428571 397.296348 0.332069 1000.000000 1000 2000 0.131930 0.179104 0.000000 0.000000 0 V 1 0 31.891644 1 1.635294
87 12 488 594000 1 0 11 0 0 1196.428571 397.296348 0.332069 1000.000000 1000 2000 0.131930 0.179104 0.000000 0.000000 0 V 1 0 16.339233 1 1.616279
88 12 488 594000 1 0 11 0 0 1196.428571 397.296348 0.332069 1000.000000 1000 2000 0.131930 0.179104 0.000000 0.000000 0 V 1 0 16.118818 1 1.597701
89 12 488 594000 1 0 11 0 0 1196.428571 397.296348 0.332069 1000.000000 1000 2000 0.131930 0.179104 0.000000 0.000000 0 V 1 0 16.481602 1 1.579545
90 12 488 594000 1 0 11 0 0 1196.428571 397.296348 0.332069 1000.000000 1000 2000 0.131930 0.179104 0.000000 0.000000 0 V 1 0 24.664088 1 1.561798
91 12 488 594000 1 0 11 0 0 1196.428571 397.296348 0.332069 1000.000000 1000 2000 0.131930 0.179104 0.000000 0.000000 0 V 1 0 16.687740 1 1.544444
92 12 488 594000 1 0 11 0 0 1196.428571 397.296348 0.332069 1000.000000 1000 2000 0.131930 0.179104 0.000000 0.000000 0 V 1 0 16.587081 1 1.527473
93 12 488 594000 1 0 11 0 0 1196.428571 397.296348 0.332069 1000.000000 1000 2000 0.131930 0.179104 0.000000 0.000000 0 V 1 0 16.988316 1 1.510870
94 12 488 594000 1 0 11 0 0 1196.428571 397.296348 0.332069 1000.000000 1000 2000 0.131930 0.179104 0.000000 0.000000 0 V 1 0 17.013103 1 1.494624
95 12 488 594000 1 0 11 0 0 1196.428571 397.296348 0.332069 1000.000000 1000 2000 0.131930 0.179104 0.000000 0.000000 0 V 1 0 16.668514 1 1.478723
96 12 488 594000 1 0 11 0 0 1196.428571 397.296348 0.332069 1000.000000 1000 2000 0.131930 0.179104 0.000000 0.000000 0 V 1 0 17.007452 1 1.463158
97 12 488 594000 1 0 11 0 0 1196.428571 397.296348 0.332069 1000.000000 1000 2000 0.131930 0.179104 0.000000 0.000000 0 V 1 0 16.771418 1 1.447917
98 12 488 594000 1 0 11 0 0 1196.428571 397.296348 0.332069 1000.000000 1000 2000 0.131930 0.179104 0.000000 0.000000 0 V 1 0 16.725420 1 1.432990
99 12 488 594000 1 0 11 0 0 1196.428571 397.296348 0.332069 1000.000000 1000 2000 0.131930 0.179104 0.000000 0.000000 0 V 1 0 16.838164 1 1.418367
100 12 488 594000 1 0 11 0 0 1196.428571 397.296348 0.332069 1000.000000 1000 2000 0.131930 0.179104 0.000000 0.000000 0 V 1 0 16.623228 1 1.404040
101 12 488 594000 1 0 11 0 0 1196.428571 397.296348 0.332069 1000.000000 1000 2000 0.131930 0.179104 0.000000 0.000000 0 V 1 0 16.926761 1 1.390000
102 12 488 594000 1 0 11 0 0 1196.428571 397.296348 0.332069 1000.000000 1000 2000 0.131930 0.179104 0.000000 0.000000 0 V 1 0 16.702487 1 1.376238
103 12 488 594000 1 0 11 0 0 1196.428571 397.296348 0.332069 1000.000000 1000 2000 0.131930 0.179104 0.000000 0.000000 0 V 1 0 16.597489 1 1.362745
104 12 488 594000 1 0 11 0 0 1196.428571 397.296348 0.332069 1000.000000 1000 2000 0.131930 0.179104 0.000000 0.000000 0 V 1 0 16.546224 1 1.349515
105 12 488 594000 1 0 11 0 0 1196.428571 397.296348 0.332069 1000.000000 1000 2000 0.131930 0.179104 0.000000 0.000000 0 V 1 0 16.650750 1 1.336538
106 12 488 594000 1 0 11 0 0 1196.428571 397.296348 0.332069 1000.000000 1000 2000 0.131930 0.179104 0.000000 0.000000 0 V 1 0 16.673494 1 1.323810
107 12 488 594000 1 0 11 0 0 1196.428571 397.296348 0.332069 1000.000000 1000 2000 0.131930 0.179104 0.000000 0.000000 0 V 1 0 16.681989 1 1.311321
108 12 488 594000 1 0 11 0 0 1196.428571 397.296348 0.332069 1000.000000 1000 2000 0.131930 0.179104 0.000000 0.000000 0 V 1 0 16.755929 1 1.299065
109 12 488 594000 1 0 11 0 0 1196.428571 397.296348 0.332069 1000.000000 1000 2000 0.131930 0.179104 0.000000 0.000000 0 V 1 0 16.620803 1 1.287037
110 12 488 594000 1 0 11 0 0 1196.428571 397.296348 0.332069 1000.000000 1000 2000 0.131930 0.179104 0.000000 0.000000 0 V 1 0 16.807767 1 1.275229
111 12 488 594000 1 0 11 0 0 1196.428571 397.296348 0.332069 1000.000000 1000 2000 0.131930 0.179104 0.000000 0.000000 0 V 1 0 16.542206 1 1.263636
112 12 488 594000 1 0 11 0 0 1196.428571 397.296348 0.332069 1000.000000 1000 2000 0.131930 0.179104 0.000000 0.000000 0 V 1 0 16.979860 1 1.252252
113 12 488 594000 1 0 11 0 0 1196.428571 397.296348 0.332069 1000.000000 1000 2000 0.131930 0.179104 0.000000 0.000000 0 V 1 0 16.917534 1 1.241071
114 12 488 594000 1 0 11 0 0 1196.428571 397.296348 0.332069 1000.000000 1000 2000 0.131930 0.179104 0.000000 0.000000 0 V 1 0 16.604613 1 1.230088
115 12 488 594000 1 0 11 0 0 1196.428571 397.296348 0.332069 1000.000000 1000 2000 0.131930 0.179104 0.000000 0.000000 0 V 1 0 17.386647 1 1.219298
116 12 488 594000 1 0 11 0 0 1196.428571 397.296348 0.332069 1000.000000 1000 2000 0.131930 0.179104 0.000000 0.000000 0 V 1 0 16.858261 1 1.208696
117 12 488 594000 1 0 11 0 0 1196.428571 397.296348 0.332069 1000.000000 1000 2000 0.131930 0.179104 0.000000 0.000000 0 V 1 0 16.985391 1 1.198276
118 12 488 594000 1 0 11 0 0 1196.428571 397.296348 0.332069 1000.000000 1000 2000 0.131930 0.179104 0.000000 0.000000 0 V 1 0 17.047557 1 1.188034
119 12 488 594000 1 0 11 0 0 1196.428571 397.296348 0.332069 1000.000000 1000 2000 0.131930 0.179104 0.000000 0.000000 0 V 1 0 16.907514 1 1.177966
120 12 488 594000 1 0 11 0 0 1196.428571 397.296348 0.332069 1000.000000 1000 2000 0.131930 0.179104 0.000000 0.000000 0 V 1 0 16.768231 1 1.168067
121 12 488 594000 1 0 11 0 0 1196.428571 397.296348 0.332069 1000.000000 1000 2000 0.131930 0.179104 0.000000 0.000000 0 V 1 0 16.730280 1 1.158333
122 12 488 594000 1 0 11 0 0 1196.428571 397.296348 0.332069 1000.000000 1000 2000 0.131930 0.179104 0.000000 0.000000 0 V 1 0 16.661010 1 1.148760
123 12 488 594000 1 0 11 0 0 1196.428571 397.296348 0.332069 1000.000000 1000 2000 0.131930 0.179104 0.000000 0.000000 0 V 1 0 16.705013 1 1.139344
124 12 488 594000 1 0 11 0 0 1196.428571 397.296348 0.332069 1000.000000 1000 2000 0.131930 0.179104 0.000000 0.000000 0 V 1 0 16.819127 1 1.130081
125 12 488 594000 1 0 11 0 0 1196.428571 397.296348 0.332069 1000.000000 1000 2000 0.131930 0.179104 0.000000 0.000000 0 V 1 0 16.679564 1 1.120968
126 12 488 594000 1 0 11 0 0 1196.428571 397.296348 0.332069 1000.000000 1000 2000 0.131930 0.179104 0.000000 0.000000 0 V 1 0 16.785134 1 1.112000
127 12 488 594000 1 0 11 0 0 1196.428571 397.296348 0.332069 1000.000000 1000 2000 0.131930 0.179104 0.000000 0.000000 0 V 1 0 16.662742 1 1.103175
128 12 488 594000 1 0 11 0 0 1196.428571 397.296348 0.332069 1000.000000 1000 2000 0.131930 0.179104 0.000000 0.000000 0 V 1 0 16.481973 1 1.094488
129 12 488 594000 1 0 11 0 0 1196.428571 397.296348 0.332069 1000.000000 1000 2000 0.131930 0.179104 0.000000 0.000000 0 V 1 0 16.558477 1 1.085938
130 12 488 594000 1 0 11 0 0 1196.428571 397.296348 0.332069 1000.000000 1000 2000 0.131930 0.179104 0.000000 0.000000 0 V 1 0 16.629680 1 1.077519
131 12 488 594000 1 0 11 0 0 1196.428571 397.296348 0.332069 1000.000000 1000 2000 0.131930 0.179104 0.000000 0.000000 0 V 1 0 16.589765 1 1.069231
132 12 488 594000 1 0 11 0 0 1196.428571 397.296348 0.332069 1000.000000 1000 2000 0.131930 0.179104 0.000000 0.000000 0 V 1 0 16.518791 1 1.061069
133 12 488 594000 1 0 11 0 0 1196.428571 397.296348 0.332069 1000.000000 1000 2000 0.131930 0.179104 0.000000 0.000000 0 V 1 0 16.664837 1 1.053030
134 12 488 594000 1 0 11 0 0 1196.428571 397.296348 0.332069 1000.000000 1000 2000 0.131930 0.179104 0.000000 0.000000 0 V 1 0 16.578164 1 1.045113
135 12 488 594000 1 0 11 0 0 1196.428571 397.296348 0.332069 1000.000000 1000 2000 0.131930 0.179104 0.000000 0.000000 0 V 1 0 16.518682 1 1.037313
136 12 488 594000 1 0 11 0 0 1196.428571 397.296348 0.332069 1000.000000 1000 2000 0.131930 0.179104 0.000000 0.000000 0 V 1 0 16.428542 1 1.029630
137 12 488 594000 1 0 11 0 0 1196.428571 397.296348 0.332069 1000.000000 1000 2000 0.131930 0.179104 0.000000 0.000000 0 V 1 0 16.521897 1 1.022059
138 12 488 594000 1 0 11 0 0 1196.428571 397.296348 0.332069 1000.000000 1000 2000 0.131930 0.179104 0.000000 0.000000 0 V 1 0 16.521748 1 1.014599
139 12 488 594000 1 0 11 0 0 1196.428571 397.296348 0.332069 1000.000000 1000 2000 0.131930 0.179104 0.000000 0.000000 0 V 1 0 16.713057 1 1.007246
140 12 488 594000 1 0 11 0 0 1196.428571 397.296348 0.332069 1000.000000 1000 2000 0.131930 0.179104 0.000000 0.000000 0 V 1 0 16.723648 1 1.000000
141 12 488 594000 1 0 11 0 0 1196.428571 397.296348 0.332069 1000.000000 1000 2000 0.131930 0.179104 0.000000 0.000000 0 V 1 0 16.810652 1 0.992857
142 12 488 594000 1 0 11 0 0 1196.428571 397.296348 0.332069 1000.000000 1000 2000 0.131930 0.179104 0.000000 0.000000 0 V 1 0 16.578234 1 0.985816
143 12 488 594000 1 0 11 0 0 1196.428571 397.296348 0.332069 1000.000000 1000 2000 0.131930 0.179104 0.000000 0.000000 0 V 1 0 16.754537 1 0.978873
144 12 488 594000 1 0 11 0 0 1196.428571 397.296348 0.332069 1000.000000 1000 2000 0.131930 0.179104 0.000000 0.000000 0 V 1 0 16.726934 1 0.972028
145 12 488 594000 1 0 11 0 0 1196.428571 397.296348 0.332069 1000.000000 1000 2000 0.131930 0.179104 0.000000 0.000000 0 V 1 0 46.240157 1 0.965278
146 12 488 594000 1 0 11 0 0 1196.428571 397.296348 0.332069 1000.000000 1000 2000 0.131930 0.179104 0.000000 0.000000 0 V 1 0 18.426917 1 0.958621
147 12 488 594000 1 0 11 0 0 1196.428571 397.296348 0.332069 1000.000000 1000 2000 0.131930 0.179104 0.000000 0.000000 0 V 1 0 18.681726 1 0.952055
148 12 488 594000 1 0 11 0 0 1196.428571 397.296348 0.332069 1000.000000 1000 2000 0.131930 0.179104 0.000000 0.000000 0 V 1 0 18.535712 1 0.945578
149 12 488 594000 1 0 11 0 0 1196.428571 397.296348 0.332069 1000.000000 1000 2000 0.131930 0.179104 0.000000 0.000000 0 V 1 0 18.451082 1 0.939189
150 12 488 594000 1 0 11 0 0 1196.428571 397.296348 0.332069 1000.000000 1000 2000 0.131930 0.179104 0.000000 0.000000 0 V 1 0 18.194629 1 0.932886
151 12 488 594000 1 0 11 0 0 1196.428571 397.296348 0.332069 1000.000000 1000 2000 0.131930 0.179104 0.000000 0.000000 0 V 1 0 18.604151 1 0.926667
152 12 488 594000 1 0 11 0 0 1196.428571 397.296348 0.332069 1000.000000 1000 2000 0.131930 0.179104 0.000000 0.000000 0 V 1 0 18.568373 1 0.920530
153 12 488 594000 1 0 11 0 0 1196.428571 397.296348 0.332069 1000.000000 1000 2000 0.131930 0.179104 0.000000 0.000000 0 V 1 0 18.854462 1 0.914474
154 12 488 594000 1 0 11 0 0 1196.428571 397.296348 0.332069 1000.000000 1000 2000 0.131930 0.179104 0.000000 0.000000 0 V 1 0 18.543326 1 0.908497
155 12 488 594000 1 0 11 0 0 1196.428571 397.296348 0.332069 1000.000000 1000 2000 0.131930 0.179104 0.000000 0.000000 0 V 1 0 18.742591 1 0.902597
156 12 488 594000 1 0 11 0 0 1196.428571 397.296348 0.332069 1000.000000 1000 2000 0.131930 0.179104 0.000000 0.000000 0 V 1 0 18.456723 1 0.896774
157 12 488 594000 1 0 11 0 0 1196.428571 397.296348 0.332069 1000.000000 1000 2000 0.131930 0.179104 0.000000 0.000000 0 V 1 0 18.545670 1 0.891026
158 12 488 594000 1 0 11 0 0 1196.428571 397.296348 0.332069 1000.000000 1000 2000 0.131930 0.179104 0.000000 0.000000 0 V 1 0 18.794870 1 0.885350
159 12 488 594000 1 0 11 0 0 1196.428571 397.296348 0.332069 1000.000000 1000 2000 0.131930 0.179104 0.000000 0.000000 0 V 1 0 18.769152 1 0.879747
160 12 488 594000 1 0 11 0 0 1196.428571 397.296348 0.332069 1000.000000 1000 2000 0.131930 0.179104 0.000000 0.000000 0 V 1 0 18.617936 1 0.874214
161 12 488 594000 1 0 11 0 0 1196.428571 397.296348 0.332069 1000.000000 1000 2000 0.131930 0.179104 0.000000 0.000000 0 V 1 0 18.646290 1 0.868750
162 12 488 594000 1 0 11 0 0 1196.428571 397.296348 0.332069 1000.000000 1000 2000 0.131930 0.179104 0.000000 0.000000 0 V 1 0 18.511796 1 0.863354
163 12 488 594000 1 0 11 0 0 1196.428571 397.296348 0.332069 1000.000000 1000 2000 0.131930 0.179104 0.000000 0.000000 0 V 1 0 38.314385 1 0.858025
164 12 488 594000 1 0 11 0 0 1196.428571 397.296348 0.332069 1000.000000 1000 2000 0.131930 0.179104 0.000000 0.000000 0 V 1 0 19.162412 1 0.852761
165 12 488 594000 1 0 11 0 0 1196.428571 397.296348 0.332069 1000.000000 1000 2000 0.131930 0.179104 0.000000 0.000000 0 V 1 0 18.519972 1 0.847561
166 12 488 594000 1 0 11 0 0 1196.428571 397.296348 0.332069 1000.000000 1000 2000 0.131930 0.179104 0.000000 0.000000 0 V 1 0 18.452976 1 0.842424
167 12 488 594000 1 0 11 0 0 1196.428571 397.296348 0.332069 1000.000000 1000 2000 0.131930 0.179104 0.000000 0.000000 0 V 1 0 18.537365 1 0.837349
168 12 488 594000 1 0 11 0 0 1196.428571 397.296348 0.332069 1000.000000 1000 2000 0.131930 0.179104 0.000000 0.000000 0 V 1 0 388.040725 1 0.832335
169 12 488 594000 1 0 11 0 0 1196.428571 397.296348 0.332069 1000.000000 1000 2000 0.131930 0.179104 0.000000 0.000000 0 V 1 0 73.415887 1 0.827381
170 12 488 594000 1 0 11 0 0 1196.428571 397.296348 0.332069 1000.000000 1000 2000 0.131930 0.179104 0.000000 0.000000 0 V 1 0 18.802735 1 0.822485
171 12 488 594000 1 0 11 0 0 1196.428571 397.296348 0.332069 1000.000000 1000 2000 0.131930 0.179104 0.000000 0.000000 0 V 1 0 18.937479 1 0.817647
172 12 488 594000 1 0 11 0 0 1196.428571 397.296348 0.332069 1000.000000 1000 2000 0.131930 0.179104 0.000000 0.000000 0 V 1 0 18.968847 1 0.812865
173 12 488 594000 1 0 11 0 0 1196.428571 397.296348 0.332069 1000.000000 1000 2000 0.131930 0.179104 0.000000 0.000000 0 V 1 0 52.566847 1 0.808140
174 12 488 594000 1 0 11 0 0 1196.428571 397.296348 0.332069 1000.000000 1000 2000 0.131930 0.179104 0.000000 0.000000 0 V 1 0 16.716564 1 0.803468
175 12 488 594000 1 0 11 0 0 1196.428571 397.296348 0.332069 1000.000000 1000 2000 0.131930 0.179104 0.000000 0.000000 0 V 1 0 16.730230 1 0.798851
176 12 488 594000 1 0 11 0 0 1196.428571 397.296348 0.332069 1000.000000 1000 2000 0.131930 0.179104 0.000000 0.000000 0 V 1 0 16.736312 1 0.794286
177 12 488 594000 1 0 11 0 0 1196.428571 397.296348 0.332069 1000.000000 1000 2000 0.131930 0.179104 0.000000 0.000000 0 V 1 0 16.593934 1 0.789773
178 12 488 594000 1 0 11 0 0 1196.428571 397.296348 0.332069 1000.000000 1000 2000 0.131930 0.179104 0.000000 0.000000 0 V 1 0 16.772008 1 0.785311
179 12 488 594000 1 0 11 0 0 1196.428571 397.296348 0.332069 1000.000000 1000 2000 0.131930 0.179104 0.000000 0.000000 0 V 1 0 16.973929 1 0.780899
180 12 488 594000 1 0 11 0 0 1196.428571 397.296348 0.332069 1000.000000 1000 2000 0.131930 0.179104 0.000000 0.000000 0 V 1 0 16.609904 1 0.776536
181 12 488 594000 1 0 11 0 0 1196.428571 397.296348 0.332069 1000.000000 1000 2000 0.131930 0.179104 0.000000 0.000000 0 V 1 0 16.790463 1 0.772222
182 12 488 594000 1 0 11 0 0 1196.428571 397.296348 0.332069 1000.000000 1000 2000 0.131930 0.179104 0.000000 0.000000 0 V 1 0 16.875714 1 0.767956
183 12 488 594000 1 0 11 0 0 1196.428571 397.296348 0.332069 1000.000000 1000 2000 0.131930 0.179104 0.000000 0.000000 0 V 1 0 16.945766 1 0.763736
184 12 488 594000 1 0 11 0 0 1196.428571 397.296348 0.332069 1000.000000 1000 2000 0.131930 0.179104 0.000000 0.000000 0 V 1 0 16.906773 1 0.759563
185 12 488 594000 1 0 11 0 0 1196.428571 397.296348 0.332069 1000.000000 1000 2000 0.131930 0.179104 0.000000 0.000000 0 V 1 0 16.853613 1 0.755435
186 12 488 594000 1 0 11 0 0 1196.428571 397.296348 0.332069 1000.000000 1000 2000 0.131930 0.179104 0.000000 0.000000 0 V 1 0 16.691908 1 0.751351
187 12 488 594000 1 0 11 0 0 1196.428571 397.296348 0.332069 1000.000000 1000 2000 0.131930 0.179104 0.000000 0.000000 0 V 1 0 16.502661 1 0.747312
188 12 488 594000 1 0 11 0 0 1196.428571 397.296348 0.332069 1000.000000 1000 2000 0.131930 0.179104 0.000000 0.000000 0 V 1 0 16.844886 1 0.743316
189 12 488 594000 1 0 11 0 0 1196.428571 397.296348 0.332069 1000.000000 1000 2000 0.131930 0.179104 0.000000 0.000000 0 V 1 0 16.893417 1 0.739362
190 12 488 594000 1 0 11 0 0 1196.428571 397.296348 0.332069 1000.000000 1000 2000 0.131930 0.179104 0.000000 0.000000 0 V 1 0 16.943221 1 0.735450
191 12 488 594000 1 0 11 0 0 1196.428571 397.296348 0.332069 1000.000000 1000 2000 0.131930 0.179104 0.000000 0.000000 0 V 1 0 16.620754 1 0.731579
192 12 488 594000 1 0 11 0 0 1196.428571 397.296348 0.332069 1000.000000 1000 2000 0.131930 0.179104 0.000000 0.000000 0 V 1 0 16.817775 1 0.727749
193 12 488 594000 1 0 11 0 0 1196.428571 397.296348 0.332069 1000.000000 1000 2000 0.131930 0.179104 0.000000 0.000000 0 V 1 0 16.631184 1 0.723958
194 12 488 594000 1 0 11 0 0 1196.428571 397.296348 0.332069 1000.000000 1000 2000 0.131930 0.179104 0.000000 0.000000 0 V 1 0 16.618379 1 0.720207
195 12 488 594000 1 0 11 0 0 1196.428571 397.296348 0.332069 1000.000000 1000 2000 0.131930 0.179104 0.000000 0.000000 0 V 1 0 16.838224 1 0.716495
196 12 488 594000 1 0 11 0 0 1196.428571 397.296348 0.332069 1000.000000 1000 2000 0.131930 0.179104 0.000000 0.000000 0 V 1 0 16.847110 1 0.712821
197 12 488 594000 1 0 11 0 0 1196.428571 397.296348 0.332069 1000.000000 1000 2000 0.131930 0.179104 0.000000 0.000000 0 V 1 0 16.665397 1 0.709184
198 12 488 594000 1 0 11 0 0 1196.428571 397.296348 0.332069 1000.000000 1000 2000 0.131930 0.179104 0.000000 0.000000 0 V 1 0 16.701898 1 0.705584
199 12 488 594000 1 0 11 0 0 1196.428571 397.296348 0.332069 1000.000000 1000 2000 0.131930 0.179104 0.000000 0.000000 0 V 1 0 16.730410 1 0.702020
200 12 488 594000 1 0 11 0 0 1196.428571 397.296348 0.332069 1000.000000 1000 2000 0.131930 0.179104 0.000000 0.000000 0 V 1 0 16.949333 1 0.698492
# SUMMARY best_weighted_HPWL=472000
