# round T HPWL_eq HPWL_w WNS TNS maxL viol_cnt picked w_mean w_std w_cv w_median w_min w_max w_gini w_top10 jump_man jump_euc orient_flip maxEdge_type maxEdge_i maxEdge_j solve_ms feasible avg_jump
1 12 1040 1040000 -8 52 20 10 1 1000.000000 0.000000 0.000000 1000.000000 1000 1000 0.000000 0.103448 0.000000 0.000000 0 V 12 6 391.106320 0 0.000000
2 12 1042 1045312 -6 30 18 8 1 1001.784483 27.121790 0.027073 1000.000000 1000 1414 0.001774 0.105045 16.000000 11.661904 0 V 2 0 420.526729 0 16.000000
3 12 1044 1052768 -3 12 15 6 1 1004.724138 52.166112 0.051921 1000.000000 1000 1682 0.004666 0.107664 1.000000 1.000000 0 V 1 0 420.844287 0 8.500000
4 12 1051 1059182 -12 50 24 8 1 1008.318966 75.316012 0.074695 1000.000000 1000 1834 0.008159 0.110845 2.000000 2.000000 0 V 3 0 433.024876 0 6.333333
5 12 1048 1066668 -8 23 20 6 1 1012.262931 95.916922 0.094755 1000.000000 1000 1915 0.011936 0.114309 1.000000 1.000000 0 V 2 0 424.415625 0 5.000000
6 12 1048 1078380 -8 23 20 6 1 1016.387931 114.146818 0.112306 1000.000000 1000 1957 0.015824 0.117904 0.000000 0.000000 0 V 2 0 427.922542 0 4.000000
7 12 1070 1085035 -20 77 32 9 1 1021.818966 149.619494 0.146425 1000.000000 1000 2378 0.020935 0.122592 2.000000 2.000000 0 V 4 0 430.750260 0 3.666667
8 12 1052 1092905 -15 55 27 8 1 1027.314655 186.032047 0.181086 1000.000000 1000 3084 0.026056 0.127286 1.000000 1.000000 0 V 3 0 431.285148 0 3.285714
9 12 1076 1096642 -22 74 34 9 1 1034.159483 232.675898 0.224990 1000.000000 1000 3513 0.032384 0.133062 1.000000 1.000000 0 V 4 0 424.071628 0 3.000000
10 12 1076 1112772 -22 74 34 9 1 1040.103448 266.056916 0.255799 1000.000000 1000 3748 0.037751 0.138017 0.000000 0.000000 0 V 4 0 718.085193 0 2.666667
11 12 1101 1122664 -28 108 40 10 1 1046.568966 297.078453 0.283859 1000.000000 1000 3872 0.043494 0.143342 1.000000 1.000000 0 V 5 0 453.251112 0 2.500000
12 12 1065 1138211 -8 21 20 8 1 1052.612069 323.974676 0.307782 1000.000000 1000 3936 0.048792 0.148260 0.000000 0.000000 0 V 5 0 428.281439 0 2.272727
13 12 1069 1150863 -10 25 22 9 1 1059.241379 351.251644 0.331607 1000.000000 1000 3968 0.054498 0.153591 1.000000 1.000000 0 V 6 0 429.150155 0 2.166667
14 12 1069 1161419 -10 25 22 9 1 1065.396552 375.317415 0.352280 1000.000000 1000 3984 0.059725 0.158481 0.000000 0.000000 0 V 6 0 466.211190 0 2.000000
15 12 1094 1178510 -17 41 29 10 1 1072.099138 399.682270 0.372803 1000.000000 1000 3992 0.065306 0.163742 1.000000 1.000000 0 V 7 0 430.330869 0 1.928571
16 12 1067 1191618 -9 20 21 8 1 1078.293103 421.246519 0.390660 1000.000000 1000 3996 0.070395 0.168545 0.000000 0.000000 0 V 7 0 418.150883 0 1.800000
17 12 1069 1204539 -10 22 22 8 1 1085.008621 443.073912 0.408360 1000.000000 1000 3998 0.075802 0.173692 1.000000 1.000000 0 V 8 0 457.326289 0 1.750000
18 12 1069 1215260 -10 22 22 8 1 1091.211207 462.537038 0.423875 1000.000000 1000 3999 0.080730 0.178388 0.000000 0.000000 0 V 8 0 425.561134 0 1.647059
19 12 1069 1228531 -10 22 22 8 1 1097.935345 482.389607 0.439361 1000.000000 1000 3999 0.085965 0.183420 1.000000 1.000000 0 V 9 0 435.071591 0 1.611111
20 12 1069 1239260 -10 22 22 8 1 1104.142241 500.190241 0.453013 1000.000000 1000 4000 0.090733 0.188011 0.000000 0.000000 0 V 9 0 434.181053 0 1.526316
21 12 1069 1252531 -10 22 22 8 1 1110.866379 518.452334 0.466710 1000.000000 1000 4000 0.095795 0.192926 1.000000 1.000000 0 V 10 0 426.133992 0 1.500000
22 12 1069 1263260 -10 22 22 8 1 1117.073276 534.904510 0.478845 1000.000000 1000 4000 0.100405 0.197410 0.000000 0.000000 0 V 10 0 433.403619 0 1.428571
23 12 1069 1276523 -10 22 22 8 1 1123.793103 551.839370 0.491051 1000.000000 1000 4000 0.105296 0.202209 1.000000 1.000000 0 V 11 0 428.849810 0 1.409091
24 12 1069 1287260 -10 22 22 8 1 1130.004310 567.204522 0.501949 1000.000000 1000 4000 0.109757 0.206594 0.000000 0.000000 0 V 11 0 434.003019 0 1.347826
25 12 1069 1300523 -10 22 22 8 1 1136.724138 583.053202 0.512924 1000.000000 1000 4000 0.114486 0.211285 1.000000 1.000000 0 V 12 0 423.438685 0 1.333333
26 12 1077 1310190 -14 59 26 10 1 1142.935345 597.481950 0.522761 1000.000000 1000 4000 0.118800 0.215571 8.000000 7.071068 0 V 11 7 436.816899 0 1.600000
27 12 1053 1320273 -3 12 15 7 1 1148.439655 608.245077 0.529627 1000.000000 1000 4000 0.122514 0.219331 8.000000 7.071068 0 V 12 0 442.188420 0 1.846154
28 12 1075 1328708 -16 75 28 9 1 1154.909483 621.054932 0.537752 1000.000000 1000 4000 0.126853 0.223704 7.000000 5.385165 0 V 10 5 436.515982 0 2.037037
29 12 1069 1335727 -10 22 22 8 1 1160.767241 632.438403 0.544845 1000.000000 1000 4000 0.130706 0.227621 8.000000 5.830952 0 V 13 0 449.967535 0 2.250000
30 12 1103 1347884 -21 101 33 11 1 1166.012931 640.840797 0.549600 1000.000000 1000 4000 0.134056 0.231096 9.000000 6.403124 0 V 9 5 431.654234 0 2.482759
31 12 1075 1359553 -12 67 24 11 1 1170.831897 646.605721 0.552262 1000.000000 1000 4000 0.137049 0.234261 2.000000 1.414214 0 V 10 4 442.288347 0 2.466667
32 12 1054 1370915 -8 42 20 9 1 1177.047414 656.562838 0.557805 1000.000000 1000 4000 0.140972 0.238304 1.000000 1.000000 0 V 11 4 433.332465 0 2.419355
33 12 1061 1381420 -3 15 15 8 1 1182.668103 665.683650 0.562866 1000.000000 1000 4000 0.144431 0.241924 5.000000 3.605551 0 V 9 7 431.781553 0 2.500000
34 12 1143 1384647 -26 141 38 14 1 1189.469828 678.519115 0.570438 1000.000000 1000 4000 0.148632 0.246259 3.000000 2.236068 0 V 8 5 441.388002 0 2.515152
35 12 1104 1393253 -19 103 31 12 1 1195.353448 688.990488 0.576391 1000.000000 1000 4000 0.152155 0.249969 3.000000 2.236068 0 V 9 7 447.611536 0 2.529412
36 12 1061 1411845 -2 11 14 7 1 1202.318966 702.317213 0.584136 1000.000000 1000 4000 0.156329 0.254315 6.000000 4.242641 0 V 12 4 427.300871 0 2.628571
37 12 1077 1419738 -4 16 16 8 1 1208.262931 712.752983 0.589899 1000.000000 1000 4000 0.159773 0.257983 5.000000 3.807887 1 H 14 0 444.697587 0 2.694444
38 12 1067 1425376 -5 33 17 10 1 1213.491379 719.877342 0.593228 1000.000000 1000 4000 0.162695 0.261180 5.000000 3.535534 1 V 11 3 433.663048 0 2.756757
39 12 1192 1434483 -31 181 43 15 2 1220.051724 730.370429 0.598639 1000.000000 1000 4000 0.166426 0.265153 6.000000 4.472136 0 V 7 5 435.039521 0 2.842105
40 12 1146 1445265 -25 147 37 14 1 1227.551724 738.902878 0.601932 1000.000000 1000 4000 0.170464 0.268189 3.000000 2.236068 0 V 8 7 433.206448 0 2.846154
41 12 1058 1473646 -3 6 15 4 1 1235.577586 750.978295 0.607795 1000.000000 1000 4000 0.174833 0.272007 0.000000 0.000000 0 V 8 7 415.630133 0 2.775000
42 12 1067 1479160 -2 8 14 6 1 1246.314655 782.412929 0.627781 1000.000000 1000 4744 0.181046 0.277753 3.000000 2.236068 0 V 6 6 434.711603 0 2.780488
43 12 1067 1488135 -2 8 14 6 1 1255.469828 816.479802 0.650338 1000.000000 1000 6160 0.186504 0.281321 0.000000 0.000000 0 V 6 6 440.720644 0 2.714286
44 12 1064 1497682 -3 7 15 5 1 1263.987069 844.523976 0.668143 1000.000000 1000 7020 0.191260 0.284169 2.000000 1.414214 0 V 7 7 416.787565 0 2.697674
45 12 1082 1509491 -9 15 21 6 1 1272.931034 869.132829 0.682781 1000.000000 1000 7494 0.196125 0.288998 2.000000 2.000000 0 V 5 7 444.991580 0 2.681818
46 12 1082 1523930 -9 15 21 6 1 1280.120690 886.068925 0.692176 1000.000000 1000 7743 0.199817 0.291554 0.000000 0.000000 0 V 5 7 513.616711 0 2.622222
47 12 1105 1542851 -16 32 28 7 1 1287.245690 899.041551 0.698423 1000.000000 1000 7870 0.203316 0.293490 1.000000 1.000000 0 V 4 7 492.986564 0 2.586957
48 12 1078 1556240 -8 15 20 6 1 1293.633621 909.263869 0.702876 1000.000000 1000 7935 0.206401 0.295589 0.000000 0.000000 0 V 4 7 427.815802 0 2.531915
49 12 1088 1569010 -10 20 22 8 1 1300.448276 918.916475 0.706615 1000.000000 1000 7967 0.209584 0.297328 1.000000 1.000000 0 V 3 7 424.021433 0 2.500000
50 12 1088 1579992 -10 20 22 8 1 1306.689655 927.453855 0.709774 1000.000000 1000 7984 0.212472 0.299318 0.000000 0.000000 0 V 3 7 425.731143 0 2.448980
51 12 1119 1593401 -11 90 23 17 2 1313.435345 936.177028 0.712770 1000.000000 1000 7992 0.215504 0.300991 8.000000 7.071068 0 V 10 6 496.132852 0 2.560000
52 12 1096 1607229 -10 31 22 10 1 1326.793103 970.308687 0.731319 1000.000000 1000 7996 0.222414 0.306683 9.000000 8.062258 0 V 2 7 428.369265 0 2.686275
53 12 1096 1619931 -10 31 22 10 1 1336.913793 998.674018 0.747000 1000.000000 1000 7998 0.227353 0.309733 0.000000 0.000000 0 V 2 7 419.830417 0 2.634615
54 12 1096 1635594 -10 35 22 11 1 1345.732759 1019.296540 0.757429 1000.000000 1000 7999 0.231376 0.311893 1.000000 1.000000 0 V 1 7 423.211377 0 2.603774
55 12 1080 1645502 -3 32 15 14 1 1353.030172 1033.469722 0.763819 1000.000000 1000 7999 0.234573 0.314027 5.000000 5.000000 0 V 1 2 422.827243 0 2.648148
56 12 1080 1657044 -3 32 15 14 1 1359.090517 1042.368980 0.766961 1000.000000 1000 8000 0.237047 0.314790 0.000000 0.000000 0 V 1 2 433.113343 0 2.600000
57 12 1079 1671084 -3 29 15 13 1 1365.560345 1049.736714 0.768722 1000.000000 1000 8000 0.239604 0.315640 0.000000 0.000000 0 V 1 2 418.723331 0 2.553571
58 12 1095 1691638 -9 38 21 15 2 1376.952586 1079.597072 0.784048 1000.000000 1000 8000 0.245189 0.321014 10.000000 7.071068 0 V 6 7 442.487593 0 2.684211
59 12 1118 1723629 -16 50 28 15 2 1391.840517 1126.401137 0.809289 1000.000000 1000 8000 0.252556 0.327649 1.000000 1.000000 0 V 5 7 452.935717 0 2.655172
60 12 1125 1759753 -17 84 29 17 2 1408.987069 1181.872351 0.838810 1000.000000 1000 8000 0.260833 0.334732 1.000000 1.000000 0 V 4 7 553.886771 0 2.627119
61 12 1102 1793163 -9 65 21 9 1 1427.418103 1240.415091 0.868992 1000.000000 1000 8000 0.269433 0.341915 7.000000 6.082763 0 V 3 1 411.463153 0 2.700000
62 12 1135 1804863 -13 82 25 10 1 1440.034483 1280.163223 0.888981 1000.000000 1000 8000 0.274907 0.345648 3.000000 2.236068 0 V 5 0 423.657787 0 2.704918
63 12 1095 1819332 -10 32 22 12 1 1454.215517 1322.260338 0.909260 1000.000000 1000 8000 0.281181 0.350820 9.000000 7.280110 0 V 3 7 418.709284 0 2.806452
64 12 1163 1827744 -18 137 30 13 1 1469.693966 1368.941932 0.931447 1000.000000 1000 8000 0.287983 0.356997 10.000000 7.615773 0 V 6 0 420.324939 0 2.920635
65 12 1210 1847055 -24 187 36 15 2 1485.991379 1418.596678 0.954647 1000.000000 1000 8000 0.294998 0.363710 1.000000 1.000000 0 V 7 0 438.138679 0 2.890625
66 12 1244 1869363 -35 174 47 18 2 1504.271552 1468.800818 0.976420 1000.000000 1000 8000 0.302386 0.370250 13.000000 9.219544 0 V 1 7 464.436936 0 3.046154
67 12 1284 1879181 -36 243 48 17 2 1520.129310 1505.093725 0.990109 1000.000000 1000 8000 0.308171 0.375133 14.000000 9.899495 0 V 8 0 462.198880 0 3.212121
68 12 1345 1921459 -37 319 49 17 2 1537.814655 1542.771696 1.003223 1000.000000 1000 8000 0.314522 0.380404 14.000000 10.124228 1 H 0 5 468.015228 0 3.373134
69 12 1349 1934556 -41 308 53 19 2 1551.797414 1568.316959 1.010645 1000.000000 1000 8000 0.318964 0.382579 15.000000 10.977249 1 V 9 0 718.896251 0 3.544118
70 12 1650 1966946 -46 604 58 38 4 1568.431034 1598.352769 1.019077 1000.000000 1000 8000 0.324391 0.386096 8.000000 5.700877 1 H 14 3 415.359093 0 3.608696
71 12 1380 1993733 -39 335 51 20 2 1585.094828 1618.580711 1.021125 1000.000000 1000 8000 0.328809 0.386507 16.000000 13.341664 0 H 1 6 1530.005814 0 3.785714
72 12 1656 2003440 -61 645 73 23 2 1598.379310 1630.937784 1.020370 1000.000000 1000 8000 0.331913 0.385733 18.000000 14.560220 0 H 15 2 815.614310 0 3.985915
73 12 1417 2012771 -44 371 56 20 2 1609.491379 1637.558535 1.017439 1000.000000 1000 8000 0.334188 0.384334 7.000000 5.147815 1 V 10 0 504.001045 0 4.027778
74 12 1695 2052135 -40 669 52 46 5 1624.573276 1655.147395 1.018820 1000.000000 1000 8000 0.338155 0.385810 14.000000 11.067972 1 H 0 3 460.744770 0 4.164384
75 12 1156 2067713 -17 57 29 9 1 1641.939655 1667.759083 1.015725 1000.000000 1000 8000 0.341534 0.384858 15.000000 12.020815 1 V 11 0 437.402373 0 4.310811
76 12 1713 2089828 -69 706 81 34 3 1659.362069 1690.446217 1.018733 1000.000000 1000 8000 0.345837 0.386862 5.000000 3.807887 1 H 15 1 485.518044 0 4.320000
77 12 1161 2111640 -17 73 29 17 2 1674.780172 1706.818948 1.019130 1000.000000 1000 8000 0.348858 0.386973 4.000000 2.915476 1 V 12 0 454.632454 0 4.315789
78 12 1173 2147515 -18 122 30 22 2 1697.603448 1742.813072 1.026631 1000.000000 1000 8000 0.354847 0.391980 2.000000 2.000000 0 V 14 0 445.577034 0 4.285714
79 12 1141 2170091 -17 99 29 17 2 1716.525862 1772.358184 1.032526 1000.000000 1000 8000 0.359433 0.393924 1.000000 1.000000 0 V 13 0 434.682238 0 4.243590
80 12 1716 2195180 -34 717 46 39 4 1735.681034 1803.930338 1.039321 1000.000000 1000 8000 0.364157 0.397146 16.000000 13.729530 1 H 0 2 447.458238 0 4.392405
81 12 1162 2207552 -12 125 24 20 2 1753.732759 1824.261090 1.040216 1000.000000 1000 8000 0.367215 0.397497 14.000000 10.511898 1 V 9 7 435.012340 0 4.512500
82 12 1125 2244443 -9 81 21 21 2 1773.008621 1848.560148 1.042612 1000.000000 1000 8000 0.370929 0.399603 12.000000 9.823441 1 H 0 4 420.562646 0 4.604938
83 12 1142 2279597 -12 67 24 23 2 1789.340517 1867.135701 1.043477 1000.000000 1000 8000 0.373901 0.399781 2.000000 2.000000 0 H 0 6 431.285739 0 4.573171
84 12 1109 2299059 -10 45 22 18 2 1803.793103 1879.919418 1.042203 1000.000000 1000 8000 0.376377 0.398664 2.000000 1.581139 1 V 1 7 429.129276 0 4.542169
85 12 1095 2315794 -5 48 17 18 2 1820.685345 1899.113950 1.043076 1000.000000 1000 8000 0.379629 0.399975 9.000000 7.280110 0 V 3 0 427.468437 0 4.595238
86 12 1118 2335394 -12 80 24 21 2 1839.607759 1924.798415 1.046309 1000.000000 1000 8000 0.383334 0.402799 1.000000 1.000000 0 V 4 0 423.065872 0 4.552941
87 12 1153 2371869 -15 103 27 23 2 1859.198276 1954.929297 1.051490 1000.000000 1000 8000 0.387214 0.406567 9.000000 6.519202 1 H 1 5 432.368528 0 4.604651
88 12 1154 2393481 -16 124 28 21 2 1877.629310 1978.853476 1.053911 1000.000000 1000 8000 0.390847 0.407309 10.000000 7.106335 1 V 5 0 448.575362 0 4.666667
89 12 1194 2421140 -24 171 36 24 2 1904.413793 2049.189851 1.076021 1000.000000 1000 11314 0.397451 0.411646 1.000000 1.000000 0 V 6 0 428.827908 0 4.625000
90 12 1719 2445656 -32 728 44 48 5 1936.508621 2155.748800 1.113214 1000.000000 1000 13454 0.405716 0.418281 12.000000 8.746428 1 H 14 4 441.243559 0 4.707865
91 12 1683 2455162 -60 687 72 43 4 1967.508621 2232.143374 1.134502 1000.000000 1000 14672 0.411448 0.419715 2.000000 2.000000 0 H 14 2 448.852715 0 4.677778
92 12 1250 2478775 -31 229 43 21 2 1995.978448 2279.889729 1.142242 1000.000000 1000 15322 0.415666 0.418091 9.000000 6.964194 1 V 7 0 437.811033 0 4.725275
93 12 1141 2528126 -16 51 28 14 1 2028.405172 2354.432330 1.160731 1000.000000 1000 15657 0.421893 0.420708 1.000000 1.000000 0 V 8 0 428.518795 0 4.684783
94 12 1175 2571650 -21 57 33 9 1 2061.836207 2453.996972 1.190200 1000.000000 1000 15828 0.429372 0.426426 1.000000 1.000000 0 V 9 0 435.916373 0 4.645161
95 12 1719 2591631 -75 723 87 36 4 2095.814655 2567.467252 1.225045 1000.000000 1000 15914 0.437362 0.433804 6.000000 4.743416 1 H 14 1 500.012651 0 4.659574
96 12 1189 2633963 -29 81 41 13 1 2127.681034 2645.855416 1.243540 1000.000000 1000 15957 0.443128 0.435708 5.000000 3.807887 1 V 10 0 448.351561 0 4.663158
97 12 1247 2675421 -36 120 48 14 1 2160.448276 2733.275176 1.265143 1000.000000 1000 15978 0.449693 0.440242 1.000000 1.000000 0 V 11 0 482.111846 0 4.625000
98 12 1701 2729699 -55 730 67 31 3 2193.956897 2831.384658 1.290538 1000.000000 1000 15989 0.456687 0.446573 15.000000 11.423660 1 H 1 4 461.693768 0 4.731959
99 12 1261 2752433 -38 178 50 15 2 2222.030172 2898.861048 1.304600 1000.000000 1000 15995 0.461210 0.448629 16.000000 12.349089 1 V 12 0 479.943110 0 4.846939
100 12 1373 2778253 -48 288 60 17 2 2253.935345 2975.200854 1.320003 1000.000000 1000 15997 0.466612 0.452779 2.000000 2.000000 0 V 14 0 469.109179 0 4.818182
101 12 1730 2871475 -48 649 60 51 5 2282.879310 3033.674708 1.328881 1000.000000 1000 15999 0.471043 0.455897 4.000000 3.535534 1 H 14 3 429.271645 0 4.810000
102 12 1255 2906298 -38 189 50 16 2 2314.452586 3070.596558 1.326705 1000.000000 1000 15999 0.474372 0.454844 4.000000 3.535534 1 V 13 0 450.970656 0 4.801980
103 12 1342 2961394 -41 294 53 17 2 2349.616379 3126.626978 1.330697 1000.000000 1000 16000 0.478954 0.456863 2.000000 1.581139 1 H 15 0 463.307217 0 4.774510
104 12 1210 3020435 -26 169 38 13 1 2375.366379 3167.899813 1.333647 1000.000000 1000 16000 0.481809 0.457204 0.000000 0.000000 0 H 15 0 446.855663 0 4.728155
105 12 1178 3044252 -21 149 33 13 1 2395.625000 3196.671546 1.334379 1000.000000 1000 16000 0.483973 0.457247 2.000000 1.414214 0 H 14 1 450.433043 0 4.701923
106 12 1170 3062793 -18 138 30 13 1 2415.000000 3221.351517 1.333893 1000.000000 1000 16000 0.486423 0.460388 11.000000 7.778175 1 V 8 7 439.047142 0 4.761905
107 12 1265 3085597 -24 277 36 15 2 2440.724138 3270.142780 1.339825 1000.000000 1000 16000 0.490379 0.465485 10.000000 7.106335 1 H 14 2 455.084155 0 4.811321
108 12 1117 3123379 -10 28 22 7 1 2470.396552 3318.121205 1.343153 1000.000000 1000 16000 0.494432 0.465856 11.000000 7.905694 1 V 7 7 474.410947 0 4.869159
109 12 1116 3148473 -9 26 21 7 1 2502.392241 3382.359471 1.351650 1000.000000 1000 16000 0.499149 0.468865 1.000000 1.000000 0 V 6 7 455.796909 0 4.833333
110 12 1144 3186100 -16 63 28 13 1 2535.594828 3458.619283 1.364027 1000.000000 1000 16000 0.504153 0.473687 1.000000 1.000000 0 V 5 7 539.225038 0 4.798165
111 12 1179 3231398 -23 102 35 14 1 2569.426724 3541.395360 1.378282 1000.000000 1000 16000 0.509201 0.479709 1.000000 1.000000 0 V 4 7 436.866212 0 4.763636
112 12 1218 3285085 -30 137 42 15 2 2603.594828 3626.772649 1.392987 1000.000000 1000 16000 0.514159 0.486454 1.000000 1.000000 0 V 3 7 468.684659 0 4.729730
113 12 1688 3341862 -46 618 58 53 5 2639.336207 3711.729278 1.406312 1000.000000 1000 16000 0.518809 0.492836 7.000000 4.949747 1 H 0 3 432.910721 0 4.750000
114 12 1279 3362303 -37 195 49 18 2 2675.112069 3767.829236 1.408475 1000.000000 1000 16000 0.521637 0.493747 6.000000 4.301163 1 V 2 7 481.706332 0 4.761062
115 12 1792 3381750 -87 745 99 27 3 2711.344828 3825.959572 1.411093 1000.000000 1000 16000 0.524795 0.496285 2.000000 2.000000 0 V 0 7 568.336504 0 4.736842
116 12 1777 3451440 -84 725 96 27 3 2743.862069 3868.498808 1.409874 1000.000000 1000 16000 0.527074 0.495741 1.000000 0.707107 1 H 0 6 589.743996 0 4.704348
117 12 1725 3532388 -32 667 44 50 5 2775.668103 3897.919872 1.404318 1000.000000 1000 16000 0.528930 0.492946 5.000000 4.123106 0 H 1 2 449.737091 0 4.706897
118 12 1260 3559163 -34 220 46 20 2 2807.810345 3914.253926 1.394059 1000.000000 1000 16000 0.529684 0.488791 5.000000 4.527693 1 V 1 7 496.002356 0 4.709402
119 12 1654 3615434 -62 671 74 38 4 2843.918103 3948.982902 1.388571 1000.000000 1000 16000 0.531703 0.488364 4.000000 2.915476 1 H 0 4 504.676998 0 4.703390
120 12 1098 3654786 -8 15 20 5 1 2883.331897 3981.664067 1.380925 1000.000000 1000 16000 0.533733 0.485259 19.000000 15.182226 1 V 14 0 487.582472 0 4.823529
121 12 1083 3682324 -15 53 27 10 1 2913.715517 4009.055056 1.375925 1000.000000 1000 16000 0.535483 0.482190 10.000000 7.615773 0 V 11 7 442.977236 0 4.866667
122 12 1067 3697361 -8 42 20 10 1 2934.560345 4026.882843 1.372227 1000.000000 1000 16000 0.536450 0.479811 16.000000 11.401754 0 V 2 0 444.170744 0 4.958678
123 12 1077 3711675 -8 22 20 6 1 2947.875000 4036.888013 1.369423 1000.000000 1000 16000 0.536780 0.478181 16.000000 11.661904 0 V 12 6 435.327603 0 5.049180
124 12 1079 3733139 -2 10 14 6 1 2958.706897 4041.994585 1.366136 1000.000000 1000 16000 0.536910 0.476702 2.000000 2.000000 0 V 12 4 424.639777 0 5.024390
125 12 1078 3750589 -2 10 14 6 1 2966.577586 4044.254391 1.363273 1000.000000 1000 16000 0.536786 0.475574 0.000000 0.000000 0 V 12 4 467.084395 0 4.983871
126 12 1071 3768189 -3 6 15 3 1 2973.982759 4044.845368 1.360077 1000.000000 1000 16000 0.536586 0.474458 4.000000 3.162278 0 V 13 7 512.829187 0 4.976000
127 12 1094 3778084 -8 41 20 9 1 2980.487069 4044.777016 1.357086 1000.000000 1000 16000 0.536375 0.473489 3.000000 2.236068 0 V 11 6 537.393136 0 4.960317
128 12 1069 3803502 -2 5 14 3 1 2991.487069 4048.234420 1.353252 1000.000000 1000 16000 0.536710 0.471796 2.000000 2.000000 0 V 13 6 420.183432 0 4.937008
129 12 1069 3822456 -2 5 14 3 1 2999.987069 4051.279085 1.350432 1000.000000 1000 16000 0.536742 0.470483 0.000000 0.000000 0 V 13 6 439.714659 0 4.898438
130 12 1123 3830349 -15 62 27 8 1 3007.866379 4052.870921 1.347424 1000.000000 1000 16000 0.536623 0.469262 4.000000 3.162278 0 V 10 7 422.766990 0 4.891473
131 12 1148 3850745 -28 94 40 10 1 3027.150862 4077.606964 1.347011 1000.000000 1000 16000 0.538142 0.470997 1.000000 1.000000 0 V 9 7 429.014369 0 4.861538
132 12 1095 3905530 -14 34 26 6 1 3053.525862 4122.654440 1.350129 1000.000000 1000 16000 0.540523 0.474631 2.000000 2.000000 0 V 11 7 426.735897 0 4.839695
133 12 1684 3926260 -77 714 89 26 3 3076.655172 4160.973970 1.352434 1000.000000 1000 16000 0.542392 0.475769 13.000000 11.597414 1 H 0 5 548.407559 0 4.901515
134 12 1083 3987414 -8 22 20 6 1 3111.512931 4205.948126 1.351737 1000.000000 1000 16000 0.544743 0.476344 13.000000 12.509996 1 V 12 6 441.967313 0 4.962406
135 12 1092 4031371 -4 14 16 5 1 3139.676724 4242.090629 1.351123 1000.000000 1000 16000 0.546537 0.476052 0.000000 0.000000 0 V 12 6 415.627518 0 4.925373
136 12 1091 4063893 -3 8 15 4 1 3167.900862 4279.813528 1.350994 1000.000000 1000 16000 0.548433 0.476037 5.000000 4.123106 0 V 8 7 434.440502 0 4.925926
137 12 1108 4096128 -10 18 22 5 1 3214.724138 4418.501590 1.374457 1000.000000 1000 22627 0.553857 0.482897 1.000000 1.000000 0 V 7 7 419.121631 0 4.897059
138 12 1109 4128987 -10 17 22 5 1 3272.258621 4629.658053 1.414820 1000.000000 1000 26909 0.560943 0.491596 1.000000 1.000000 0 V 6 7 480.548751 0 4.868613
139 12 1811 4172622 -21 590 33 82 8 3335.422414 4876.365736 1.461993 1000.000000 1000 29344 0.568672 0.501029 7.000000 6.519202 1 H 0 6 512.507371 0 4.884058
140 12 1138 4204370 -17 55 29 12 1 3395.435345 5044.910800 1.485792 1000.000000 1000 30643 0.572481 0.503116 6.000000 5.522681 1 V 5 7 463.772033 0 4.892086
141 12 1162 4264138 -23 98 35 16 2 3458.754310 5233.783940 1.513199 1000.000000 1000 31314 0.577750 0.508039 1.000000 1.000000 0 V 4 7 471.077036 0 4.864286
142 12 1223 4340360 -30 143 42 16 2 3526.120690 5445.343269 1.544287 1000.000000 1000 31655 0.583694 0.514684 1.000000 1.000000 0 V 3 7 495.583928 0 4.836879
143 12 1276 4410122 -37 198 49 18 2 3595.974138 5669.514986 1.576628 1000.000000 1000 31827 0.589840 0.522193 1.000000 1.000000 0 V 2 7 482.545513 0 4.809859
144 12 1386 4452591 -51 298 63 19 2 3666.400862 5891.806742 1.606973 1000.000000 1000 31913 0.595753 0.529900 2.000000 2.000000 0 V 0 7 478.290396 0 4.790210
145 12 1780 4629448 -19 546 31 81 8 3725.392241 6049.925418 1.623970 1000.000000 1000 31957 0.599881 0.534103 6.000000 5.522681 1 H 0 1 454.944302 0 4.798611
146 12 1681 4686640 -47 636 59 50 5 3779.137931 6139.468186 1.624568 1000.000000 1000 31978 0.600828 0.533763 2.000000 2.000000 0 H 0 3 451.146917 0 4.779310
147 12 1313 4757701 -44 247 56 19 2 3838.077586 6191.865820 1.613273 1000.000000 1000 31989 0.601480 0.529355 5.000000 3.807887 1 V 1 7 544.824998 0 4.780822
148 12 1721 4942538 -34 681 46 48 5 3906.323276 6293.633966 1.611140 1000.000000 1000 31995 0.604298 0.529336 16.000000 13.729530 1 H 15 4 463.856502 0 4.857143
149 12 1338 4972066 -31 314 43 21 2 3973.728448 6372.604956 1.603684 1000.000000 1000 31997 0.605766 0.525960 15.000000 15.000000 0 H 0 4 505.387908 0 4.925676
150 12 1289 5105099 -36 235 48 18 2 4039.633621 6445.816096 1.595644 1000.000000 1000 31999 0.607793 0.526030 1.000000 1.000000 0 H 0 5 455.340668 0 4.899329
151 12 1311 5147945 -42 245 54 19 2 4092.879310 6506.617638 1.589741 1000.000000 1000 31999 0.609524 0.524971 2.000000 1.581139 1 V 0 7 455.847744 0 4.880000
152 12 1135 5218162 -13 52 25 11 1 4154.409483 6587.241083 1.585602 1000.000000 1000 32000 0.612102 0.524476 1.000000 1.000000 0 V 0 6 422.084653 0 4.854305
153 12 1134 5250493 -13 53 25 11 1 4193.650862 6643.039595 1.584071 1000.000000 1000 32000 0.613612 0.524293 0.000000 0.000000 0 V 0 6 445.347822 0 4.822368
154 12 1123 5302240 -10 46 22 11 1 4220.982759 6676.346966 1.581704 1000.000000 1000 32000 0.614313 0.523447 1.000000 0.707107 1 H 0 6 430.177049 0 4.797386
155 12 1068 5332969 -4 20 16 6 1 4251.198276 6707.392086 1.577765 1000.000000 1000 32000 0.615307 0.521647 9.000000 6.964194 1 V 2 0 427.602439 0 4.824675
156 12 1068 5352438 -4 20 16 6 1 4272.693966 6728.372224 1.574738 1000.000000 1000 32000 0.615693 0.520025 0.000000 0.000000 0 V 2 0 431.911888 0 4.793548
157 12 1078 5379299 -11 48 23 7 1 4290.810345 6741.135756 1.571064 1000.000000 1000 32000 0.615796 0.518335 1.000000 1.000000 0 V 3 0 421.338588 0 4.769231
158 12 1100 5387901 -18 61 30 8 1 4316.310345 6760.906731 1.566363 1000.000000 1000 32000 0.616425 0.515526 1.000000 1.000000 0 V 4 0 455.986846 0 4.745223
159 12 1075 5486961 -3 10 15 4 1 4346.120690 6788.194082 1.561897 1000.000000 1000 32000 0.617271 0.512324 3.000000 3.000000 0 V 1 0 426.108184 0 4.734177
160 12 1071 5571911 -3 8 15 3 1 4378.258621 6820.529397 1.557818 1000.000000 1000 32000 0.618207 0.508785 0.000000 0.000000 0 V 1 0 430.661322 0 4.704403
161 12 1085 5615879 -10 19 22 5 1 4400.849138 6843.569304 1.555057 1000.000000 1000 32000 0.618578 0.506283 1.000000 1.000000 0 V 2 0 505.573949 0 4.681250
162 12 1316 5656877 -52 239 64 14 1 4420.676724 6858.382987 1.551433 1000.000000 1000 32000 0.618728 0.504066 6.000000 6.000000 0 V 8 0 461.285098 0 4.689441
163 12 1265 5682692 -45 216 57 20 2 4460.581897 6929.207361 1.553431 1000.000000 1000 32000 0.620743 0.506104 1.000000 1.000000 0 V 7 0 439.573453 0 4.666667
164 12 1399 5697850 -59 310 71 26 3 4516.715517 7047.542850 1.560325 1000.000000 1000 32000 0.623708 0.510352 2.000000 2.000000 0 V 9 0 489.801262 0 4.650307
165 12 1249 5770667 -36 222 48 27 3 4583.336207 7194.600762 1.569730 1000.000000 1000 32000 0.626917 0.515611 3.000000 3.000000 0 V 6 0 466.315615 0 4.640244
166 12 1471 5790080 -66 382 78 29 3 4656.375000 7355.454882 1.579653 1000.000000 1000 32000 0.630083 0.521139 4.000000 4.000000 0 V 10 0 493.103364 0 4.636364
167 12 1558 5824064 -71 416 83 21 2 4732.469828 7521.389452 1.589316 1000.000000 1000 32000 0.633110 0.526740 1.000000 1.000000 0 V 11 0 490.559841 0 4.614458
168 12 1649 5985217 -75 499 87 45 5 4807.293103 7688.543959 1.599350 1000.000000 1000 32000 0.636135 0.532593 1.000000 1.000000 0 V 12 0 522.996914 0 4.592814
169 12 1745 6039757 -49 577 61 66 7 4886.245690 7852.102988 1.606981 1130.000000 1000 32000 0.638565 0.537957 6.000000 4.301163 1 H 15 3 427.063914 0 4.601190
170 12 1802 6202813 -78 665 90 54 5 4961.353448 7959.921874 1.604385 1317.000000 1000 32000 0.639072 0.537884 2.000000 2.000000 0 H 15 1 478.163137 0 4.585799
171 12 1378 6235177 -45 344 57 27 3 5037.616379 8038.016750 1.595599 1464.500000 1000 32000 0.639320 0.534062 3.000000 2.121320 1 V 13 0 480.346259 0 4.576471
172 12 1442 6303756 -52 400 64 23 2 5114.047414 8136.668805 1.591043 1531.000000 1000 32000 0.640398 0.533887 1.000000 1.000000 0 V 14 0 474.324625 0 4.555556
173 12 1809 6505314 -33 665 45 63 6 5184.737069 8221.929427 1.585795 1563.500000 1000 32000 0.641472 0.531288 5.000000 4.527693 1 H 14 4 434.629599 0 4.558140
174 12 1763 6602083 -63 638 75 54 5 5248.965517 8274.783574 1.576460 1569.000000 1000 32000 0.641003 0.527345 3.000000 2.236068 0 H 15 2 449.659275 0 4.549133
175 12 1364 6716636 -48 275 60 18 2 5324.715517 8319.082865 1.562353 1586.500000 1000 32000 0.640422 0.521172 2.000000 2.000000 0 H 15 0 476.490775 0 4.534483
176 12 1135 6906346 -14 70 26 13 1 5405.163793 8385.477594 1.551383 1612.000000 1000 32000 0.640974 0.516171 11.000000 7.905694 1 V 10 7 435.490651 0 4.571429
177 12 1137 6963814 -28 95 40 10 1 5481.637931 8485.415873 1.547971 1637.000000 1000 32000 0.642607 0.517392 1.000000 1.000000 0 V 9 7 436.383232 0 4.551136
178 12 1081 7118937 -3 12 15 7 1 5554.905172 8606.542781 1.549359 1637.500000 1000 32000 0.644649 0.520821 4.000000 4.000000 0 V 13 7 433.707592 0 4.548023
179 12 1081 7200717 -3 12 15 7 1 5601.168103 8692.251376 1.551864 1638.000000 1000 32000 0.645662 0.522632 0.000000 0.000000 0 V 13 7 431.177204 0 4.522472
180 12 1080 7257178 -2 9 14 6 1 5632.620690 8743.147825 1.552234 1638.000000 1000 32000 0.646019 0.523055 8.000000 7.071068 0 V 6 6 452.934054 0 4.541899
181 12 1092 7290983 -6 22 18 10 1 5652.530172 8771.101859 1.551713 1638.000000 1000 32000 0.646014 0.522959 8.000000 6.324555 0 V 8 0 433.655574 0 4.561111
182 12 1093 7303537 -6 23 18 10 1 5663.543103 8786.188981 1.551359 1655.500000 1000 32000 0.646000 0.522835 0.000000 0.000000 0 V 8 0 450.518794 0 4.535912
183 12 1093 7310089 -6 23 18 10 1 5669.340517 8794.081752 1.551165 1655.500000 1000 32000 0.646001 0.522753 0.000000 0.000000 0 V 8 0 454.667971 0 4.510989
184 12 1093 7313474 -6 23 18 10 1 5672.306034 8798.103085 1.551063 1655.500000 1000 32000 0.646007 0.522706 0.000000 0.000000 0 V 8 0 461.662749 0 4.486339
185 12 1093 7315221 -6 23 18 10 1 5673.831897 8800.168463 1.551010 1655.500000 1000 32000 0.646015 0.522680 0.000000 0.000000 0 V 8 0 429.408722 0 4.461957
186 12 1112 7315980 -9 45 21 14 1 5674.573276 8801.176446 1.550985 1655.500000 1000 32000 0.646019 0.522668 7.000000 7.000000 0 V 8 7 438.815816 0 4.475676
187 12 1112 7316377 -9 45 21 14 1 5674.978448 8801.708014 1.550968 1655.500000 1000 32000 0.646021 0.522660 0.000000 0.000000 0 V 8 7 428.677695 0 4.451613
188 12 1112 7316562 -9 45 21 14 1 5675.163793 8801.960554 1.550962 1655.500000 1000 32000 0.646022 0.522657 0.000000 0.000000 0 V 8 7 438.580252 0 4.427807
189 12 1112 7316650 -9 45 21 14 1 5675.258621 8802.094035 1.550959 1655.500000 1000 32000 0.646023 0.522655 0.000000 0.000000 0 V 8 7 440.118680 0 4.404255
190 12 1112 7316699 -9 45 21 14 1 5675.306034 8802.156803 1.550957 1655.500000 1000 32000 0.646023 0.522654 0.000000 0.000000 0 V 8 7 429.863770 0 4.380952
191 12 1112 7316717 -9 45 21 14 1 5675.323276 8802.184857 1.550957 1655.500000 1000 32000 0.646024 0.522654 0.000000 0.000000 0 V 8 7 424.514631 0 4.357895
192 12 1112 7316732 -9 45 21 14 1 5675.336207 8802.197085 1.550956 1655.500000 1000 32000 0.646023 0.522654 0.000000 0.000000 0 V 8 7 424.806622 0 4.335079
193 12 1112 7316733 -9 45 21 14 1 5675.340517 8802.209976 1.550957 1655.500000 1000 32000 0.646024 0.522654 0.000000 0.000000 0 V 8 7 435.784434 0 4.312500
194 12 1112 7316741 -9 45 21 14 1 5675.344828 8802.211114 1.550956 1655.500000 1000 32000 0.646024 0.522654 0.000000 0.000000 0 V 8 7 438.195908 0 4.290155
195 12 1112 7316741 -9 45 21 14 1 5675.344828 8802.211114 1.550956 1655.500000 1000 32000 0.646024 0.522654 0.000000 0.000000 0 V 8 7 435.478266 0 4.268041
196 12 1112 7316741 -9 45 21 14 1 5675.344828 8802.211114 1.550956 1655.500000 1000 32000 0.646024 0.522654 0.000000 0.000000 0 V 8 7 458.882111 0 4.246154
197 12 1112 7316741 -9 45 21 14 1 5675.344828 8802.211114 1.550956 1655.500000 1000 32000 0.646024 0.522654 0.000000 0.000000 0 V 8 7 430.842594 0 4.224490
198 12 1112 7316741 -9 45 21 14 1 5675.344828 8802.211114 1.550956 1655.500000 1000 32000 0.646024 0.522654 0.000000 0.000000 0 V 8 7 428.323859 0 4.203046
199 12 1112 7316741 -9 45 21 14 1 5675.344828 8802.211114 1.550956 1655.500000 1000 32000 0.646024 0.522654 0.000000 0.000000 0 V 8 7 426.012884 0 4.181818
200 12 1112 7316741 -9 45 21 14 1 5675.344828 8802.211114 1.550956 1655.500000 1000 32000 0.646024 0.522654 0.000000 0.000000 0 V 8 7 441.907480 0 4.160804
# SUMMARY best_weighted_HPWL=1040000
