# T_prime evolution (M=16, H=8, T=12, rounds=150)
type,round,T_prime,T_target,maxL,WNS_Tprime,WNS_T,picked,HPWL_eq,HPWL_w,solve_ms,old_T_prime,new_T_prime,sigma_maxL,shrink_val
round,1,16,12,20,,,0,1040,1040000,401.185,,,,
round,2,16,12,20,,,0,1040,66560000,425.628,,,,
round,3,16,12,20,,,0,1040,66560000,430.414,,,,
round,4,16,12,20,,,0,1040,66560000,444.092,,,,
round,5,16,12,20,,,0,1040,66560000,459.992,,,,
round,6,16,12,20,,,0,1040,66560000,424.75,,,,
round,7,16,12,20,,,0,1040,66560000,436.621,,,,
round,8,16,12,20,,,0,1040,66560000,435.358,,,,
round,9,16,12,20,,,0,1040,66560000,425.895,,,,
round,10,16,12,20,,,0,1040,66560000,428.905,,,,
round,11,16,12,20,,,0,1040,66560000,504.588,,,,
round,12,16,12,20,,,0,1040,66560000,440.484,,,,
round,13,16,12,20,,,0,1040,66560000,503.215,,,,
round,14,16,12,20,,,0,1040,66560000,423.255,,,,
round,15,16,12,20,,,0,1040,66560000,421.841,,,,
round,16,16,12,20,,,0,1040,66560000,426.139,,,,
round,17,16,12,20,,,0,1040,66560000,543.833,,,,
round,18,16,12,20,,,0,1040,66560000,500.551,,,,
round,19,16,12,20,,,0,1040,66560000,420.888,,,,
round,20,16,12,20,,,0,1040,66560000,447.97,,,,
round,21,16,12,20,,,0,1040,66560000,414.859,,,,
round,22,16,12,20,,,0,1040,66560000,437.774,,,,
round,23,16,12,20,,,0,1040,66560000,425.415,,,,
round,24,16,12,20,,,0,1040,66560000,426.101,,,,
round,25,16,12,20,,,0,1040,66560000,422.418,,,,
round,26,16,12,20,,,0,1040,66560000,414.889,,,,
round,27,16,12,20,,,0,1040,66560000,434.849,,,,
round,28,16,12,20,,,0,1040,66560000,416.656,,,,
round,29,16,12,20,,,0,1040,66560000,441.606,,,,
round,30,16,12,20,,,0,1040,66560000,416.323,,,,
round,31,16,12,20,,,0,1040,66560000,424.867,,,,
round,32,16,12,20,,,0,1040,66560000,427.671,,,,
round,33,16,12,20,,,0,1040,66560000,423.49,,,,
round,34,16,12,20,,,0,1040,66560000,429.809,,,,
round,35,16,12,20,,,0,1040,66560000,421.439,,,,
round,36,16,12,20,,,0,1040,66560000,447.891,,,,
round,37,16,12,20,,,0,1040,66560000,422.558,,,,
round,38,16,12,20,,,0,1040,66560000,425.422,,,,
round,39,16,12,20,,,0,1040,66560000,420.999,,,,
round,40,16,12,20,,,0,1040,66560000,423.465,,,,
round,41,16,12,20,,,0,1040,66560000,433.501,,,,
round,42,16,12,20,,,0,1040,66560000,419.182,,,,
round,43,16,12,20,,,0,1040,66560000,417.675,,,,
round,44,16,12,20,,,0,1040,66560000,448.406,,,,
round,45,16,12,20,,,0,1040,66560000,420.164,,,,
round,46,16,12,20,,,0,1040,66560000,474.253,,,,
round,47,16,12,20,,,0,1040,66560000,419.989,,,,
round,48,16,12,20,,,0,1040,66560000,425.663,,,,
round,49,16,12,20,,,0,1040,66560000,452.989,,,,
round,50,16,12,20,,,0,1040,66560000,453.712,,,,
round,51,16,12,20,,,0,1040,66560000,417.619,,,,
round,52,16,12,20,,,0,1040,66560000,417.735,,,,
round,53,16,12,20,,,0,1040,66560000,418.704,,,,
round,54,16,12,20,,,0,1040,66560000,408.157,,,,
round,55,16,12,20,,,0,1040,66560000,411.012,,,,
round,56,16,12,20,,,0,1040,66560000,409.362,,,,
round,57,16,12,20,,,0,1040,66560000,415.633,,,,
round,58,16,12,20,,,0,1040,66560000,424.837,,,,
round,59,16,12,20,,,0,1040,66560000,422.532,,,,
round,60,16,12,20,,,0,1040,66560000,451.088,,,,
round,61,16,12,20,,,0,1040,66560000,438.063,,,,
round,62,16,12,20,,,0,1040,66560000,453.295,,,,
round,63,16,12,20,,,0,1040,66560000,457.003,,,,
round,64,16,12,20,,,0,1040,66560000,443.093,,,,
round,65,16,12,20,,,0,1040,66560000,440.301,,,,
round,66,16,12,20,,,0,1040,66560000,415.879,,,,
round,67,16,12,20,,,0,1040,66560000,421.313,,,,
round,68,16,12,20,,,0,1040,66560000,410.198,,,,
round,69,16,12,20,,,0,1040,66560000,419.569,,,,
round,70,16,12,20,,,0,1040,66560000,421.932,,,,
round,71,16,12,20,,,0,1040,66560000,424.05,,,,
round,72,16,12,20,,,0,1040,66560000,424.777,,,,
round,73,16,12,20,,,0,1040,66560000,438.994,,,,
round,74,16,12,20,,,0,1040,66560000,434.718,,,,
round,75,16,12,20,,,0,1040,66560000,412.72,,,,
round,76,16,12,20,,,0,1040,66560000,449.859,,,,
round,77,16,12,20,,,0,1040,66560000,426.777,,,,
round,78,16,12,20,,,0,1040,66560000,422.363,,,,
round,79,16,12,20,,,0,1040,66560000,417.95,,,,
round,80,16,12,20,,,0,1040,66560000,413.765,,,,
round,81,16,12,20,,,0,1040,66560000,416.84,,,,
round,82,16,12,20,,,0,1040,66560000,421.039,,,,
round,83,16,12,20,,,0,1040,66560000,422.959,,,,
round,84,16,12,20,,,0,1040,66560000,417.002,,,,
round,85,16,12,20,,,0,1040,66560000,424.263,,,,
round,86,16,12,20,,,0,1040,66560000,464.37,,,,
round,87,16,12,20,,,0,1040,66560000,421.677,,,,
round,88,16,12,20,,,0,1040,66560000,424.002,,,,
round,89,16,12,20,,,0,1040,66560000,417.911,,,,
round,90,16,12,20,,,0,1040,66560000,428.438,,,,
round,91,16,12,20,,,0,1040,66560000,420.814,,,,
round,92,16,12,20,,,0,1040,66560000,409.646,,,,
round,93,16,12,20,,,0,1040,66560000,438.869,,,,
round,94,16,12,20,,,0,1040,66560000,416.933,,,,
round,95,16,12,20,,,0,1040,66560000,445.464,,,,
round,96,16,12,20,,,0,1040,66560000,435.049,,,,
round,97,16,12,20,,,0,1040,66560000,420.382,,,,
round,98,16,12,20,,,0,1040,66560000,430.103,,,,
round,99,16,12,20,,,0,1040,66560000,426.461,,,,
round,100,16,12,20,,,0,1040,66560000,422.077,,,,
round,101,16,12,20,,,0,1040,66560000,427.002,,,,
round,102,16,12,20,,,0,1040,66560000,487.582,,,,
round,103,16,12,20,,,0,1040,66560000,423.6,,,,
round,104,16,12,20,,,0,1040,66560000,422.1,,,,
round,105,16,12,20,,,0,1040,66560000,428.685,,,,
round,106,16,12,20,,,0,1040,66560000,421.214,,,,
round,107,16,12,20,,,0,1040,66560000,426.088,,,,
round,108,16,12,20,,,0,1040,66560000,417.093,,,,
round,109,16,12,20,,,0,1040,66560000,445.284,,,,
round,110,16,12,20,,,0,1040,66560000,414.139,,,,
round,111,16,12,20,,,0,1040,66560000,423.369,,,,
round,112,16,12,20,,,0,1040,66560000,418.979,,,,
round,113,16,12,20,,,0,1040,66560000,484.079,,,,
round,114,16,12,20,,,0,1040,66560000,423.876,,,,
round,115,16,12,20,,,0,1040,66560000,444.487,,,,
round,116,16,12,20,,,0,1040,66560000,429.618,,,,
round,117,16,12,20,,,0,1040,66560000,417.298,,,,
round,118,16,12,20,,,0,1040,66560000,423.723,,,,
round,119,16,12,20,,,0,1040,66560000,427.401,,,,
round,120,16,12,20,,,0,1040,66560000,429.183,,,,
round,121,16,12,20,,,0,1040,66560000,423.672,,,,
round,122,16,12,20,,,0,1040,66560000,421.74,,,,
round,123,16,12,20,,,0,1040,66560000,453.592,,,,
round,124,16,12,20,,,0,1040,66560000,439.838,,,,
round,125,16,12,20,,,0,1040,66560000,412.156,,,,
round,126,16,12,20,,,0,1040,66560000,418.3,,,,
round,127,16,12,20,,,0,1040,66560000,423.773,,,,
round,128,16,12,20,,,0,1040,66560000,420.35,,,,
round,129,16,12,20,,,0,1040,66560000,415.839,,,,
round,130,16,12,20,,,0,1040,66560000,419.183,,,,
round,131,16,12,20,,,0,1040,66560000,427.169,,,,
round,132,16,12,20,,,0,1040,66560000,421.852,,,,
round,133,16,12,20,,,0,1040,66560000,433.656,,,,
round,134,16,12,20,,,0,1040,66560000,421.224,,,,
round,135,16,12,20,,,0,1040,66560000,438.139,,,,
round,136,16,12,20,,,0,1040,66560000,416.482,,,,
round,137,16,12,20,,,0,1040,66560000,420.322,,,,
round,138,16,12,20,,,0,1040,66560000,424.578,,,,
round,139,16,12,20,,,0,1040,66560000,424.493,,,,
round,140,16,12,20,,,0,1040,66560000,421.496,,,,
round,141,16,12,20,,,0,1040,66560000,418.118,,,,
round,142,16,12,20,,,0,1040,66560000,804.967,,,,
round,143,16,12,20,,,0,1040,66560000,518.241,,,,
round,144,16,12,20,,,0,1040,66560000,429.659,,,,
round,145,16,12,20,,,0,1040,66560000,428.141,,,,
round,146,16,12,20,,,0,1040,66560000,432.101,,,,
round,147,16,12,20,,,0,1040,66560000,429.425,,,,
round,148,16,12,20,,,0,1040,66560000,442.654,,,,
round,149,16,12,20,,,0,1040,66560000,418.766,,,,
round,150,16,12,20,,,0,1040,66560000,472.504,,,,
